0.022218,0.028501,-0.0016857,1,-2.0695e-05,0.00034132,2.0558e-05,1,0.00040045,-0.00034132,-0.00040044,1
0.023223,0.029536,-0.001632,1,-5.5787e-05,0.00062275,5.5282e-05,1,0.00081001,-0.0006228,-0.00080998,1
0.024205,0.030539,-0.0015802,1,-8.1462e-05,0.00091865,8.0376e-05,1,0.0011821,-0.00091874,-0.001182,1
0.025161,0.03151,-0.0015323,1,-0.00010571,0.0012655,0.00010372,1,0.0015737,-0.0012657,-0.0015735,1
0.026096,0.032448,-0.0014896,1,-0.0001078,0.0015699,0.0001047,1,0.0019739,-0.0015701,-0.0019737,1
0.027009,0.033353,-0.0014508,1,-0.0001243,0.0018998,0.00011979,1,0.0023741,-0.0019001,-0.0023739,1
0.027899,0.034225,-0.0014151,1,-0.00015845,0.002236,0.00015218,1,0.0028021,-0.0022365,-0.0028018,0.99999
0.028766,0.035067,-0.0013808,1,-0.00017199,0.002535,0.00016396,0.99999,0.0031688,-0.0025355,-0.0031683,0.99999
0.029611,0.035878,-0.0013458,1,-0.00018886,0.0028273,0.00017885,0.99999,0.0035434,-0.002828,-0.0035429,0.99999
0.030436,0.036661,-0.0013126,1,-0.00023124,0.0031217,0.00021895,0.99999,0.003936,-0.0031226,-0.0039353,0.99999
0.03124,0.037415,-0.0012811,0.99999,-0.00024513,0.0033989,0.00023045,0.99999,0.0043184,-0.0034,-0.0043175,0.99998
0.032023,0.03814,-0.0012522,0.99999,-0.00026711,0.0036899,0.00024973,0.99999,0.0047103,-0.0036911,-0.0047094,0.99998
0.032787,0.038834,-0.0012255,0.99999,-0.00029682,0.0039853,0.00027672,0.99999,0.0050432,-0.0039868,-0.005042,0.99998
0.033531,0.0395,-0.0012019,0.99999,-0.00033011,0.0042752,0.00030686,0.99999,0.0054377,-0.0042769,-0.0054363,0.99998
0.034256,0.040139,-0.0011813,0.99999,-0.00038085,0.0045236,0.00035459,0.99998,0.0058023,-0.0045258,-0.0058007,0.99997
0.034961,0.04075,-0.0011642,0.99999,-0.00040158,0.0048179,0.00037185,0.99998,0.0061704,-0.0048203,-0.0061686,0.99997
0.035648,0.041333,-0.0011488,0.99999,-0.00039528,0.00511,0.00036195,0.99998,0.0065217,-0.0051124,-0.0065197,0.99997
0.036316,0.041889,-0.0011334,0.99999,-0.00041607,0.0053798,0.00037912,0.99998,0.006867,-0.0053825,-0.0068648,0.99996
0.036964,0.042418,-0.001119,0.99998,-0.00044021,0.0056664,0.0003993,0.99997,0.0072186,-0.0056695,-0.0072162,0.99996
0.037594,0.042922,-0.0011062,0.99998,-0.0004517,0.0059488,0.00040678,0.99997,0.0075508,-0.0059521,-0.0075482,0.99995
0.038206,0.0434,-0.0010943,0.99998,-0.00046634,0.0062264,0.00041727,0.99997,0.0078797,-0.0062299,-0.007877,0.99995
0.038801,0.043853,-0.0010815,0.99998,-0.00046026,0.0064654,0.0004073,0.99997,0.0081901,-0.0064689,-0.0081873,0.99995
0.039379,0.044282,-0.0010711,0.99998,-0.00050669,0.0067046,0.00044961,0.99996,0.0085131,-0.0067087,-0.0085099,0.99994
0.039941,0.044685,-0.0010636,0.99998,-0.00052293,0.0069401,0.00046169,0.99996,0.0088222,-0.0069444,-0.0088188,0.99994
0.040487,0.045064,-0.001057,0.99997,-0.00052388,0.0071776,0.00045786,0.99996,0.0091958,-0.0071821,-0.0091923,0.99993
0.041015,0.045418,-0.0010518,0.99997,-0.00053771,0.0074176,0.0004666,0.99995,0.009585,-0.0074224,-0.0095813,0.99993
0.041528,0.045748,-0.0010494,0.99997,-0.00055234,0.0076556,0.00047695,0.99995,0.0098467,-0.0076607,-0.0098428,0.99992
0.042025,0.046055,-0.0010498,0.99997,-0.00055636,0.0078991,0.00047605,0.99995,0.010165,-0.0079044,-0.01016,0.99992
0.042507,0.046339,-0.0010521,0.99997,-0.00058082,0.0081066,0.000496,0.99995,0.010462,-0.0081122,-0.010457,0.99991
0.042974,0.0466,-0.0010552,0.99996,-0.00058949,0.0083543,0.00049955,0.99994,0.010765,-0.0083602,-0.01076,0.99991
0.043426,0.046838,-0.0010615,0.99996,-0.00062075,0.0085797,0.0005255,0.99994,0.011099,-0.008586,-0.011094,0.9999
0.043863,0.047053,-0.0010696,0.99996,-0.00068205,0.0088695,0.00058098,0.99993,0.011393,-0.0088767,-0.011388,0.9999
0.044285,0.047247,-0.0010795,0.99996,-0.00066891,0.0090961,0.0005625,0.99993,0.011695,-0.0091033,-0.01169,0.99989
0.044693,0.04742,-0.0010911,0.99996,-0.00068913,0.0093201,0.0005772,0.99993,0.012007,-0.0093277,-0.012001,0.99988
0.045087,0.047572,-0.0011045,0.99995,-0.00071552,0.0095244,0.00059851,0.99992,0.012282,-0.0095325,-0.012276,0.99988
0.045468,0.047702,-0.0011181,0.99995,-0.00072773,0.0097609,0.00060483,0.99992,0.012588,-0.0097693,-0.012581,0.99987
0.045834,0.047812,-0.0011349,0.99995,-0.00075765,0.010009,0.00062872,0.99992,0.012879,-0.010018,-0.012872,0.99987
0.046188,0.047901,-0.0011553,0.99995,-0.00073965,0.010199,0.00060544,0.99991,0.013156,-0.010208,-0.013149,0.99986
0.046529,0.04797,-0.0011779,0.99995,-0.00071388,0.010405,0.00057412,0.99991,0.013429,-0.010413,-0.013423,0.99986
0.046856,0.04802,-0.0012012,0.99994,-0.00075785,0.01061,0.00061253,0.99991,0.013693,-0.01062,-0.013686,0.99985
0.047171,0.048051,-0.0012242,0.99994,-0.00077661,0.010819,0.00062559,0.9999,0.013955,-0.010829,-0.013948,0.99984
0.047472,0.048062,-0.0012479,0.99994,-0.0007984,0.011054,0.00064146,0.9999,0.014193,-0.011065,-0.014185,0.99984
0.047761,0.048056,-0.0012723,0.99994,-0.00080751,0.011249,0.000645,0.9999,0.014443,-0.01126,-0.014435,0.99983
0.048038,0.04803,-0.0012969,0.99993,-0.00079919,0.011468,0.00063051,0.99989,0.014704,-0.011479,-0.014696,0.99983
0.048303,0.047986,-0.0013241,0.99993,-0.00081015,0.011653,0.00063574,0.99989,0.014962,-0.011664,-0.014954,0.99982
0.048557,0.047925,-0.0013519,0.99993,-0.00082322,0.011867,0.00064194,0.99988,0.015271,-0.011878,-0.015263,0.99981
0.048799,0.047845,-0.0013818,0.99993,-0.00085489,0.012073,0.00066726,0.99988,0.015536,-0.012085,-0.015527,0.99981
0.04903,0.047747,-0.0014138,0.99992,-0.00087369,0.012266,0.00067999,0.99988,0.015786,-0.012279,-0.015777,0.9998
0.04925,0.04763,-0.0014478,0.99992,-0.00091176,0.012429,0.00071205,0.99987,0.016064,-0.012442,-0.016054,0.99979
0.049459,0.047496,-0.0014843,0.99992,-0.00092093,0.012673,0.00071438,0.99987,0.016293,-0.012687,-0.016283,0.99979
0.049659,0.047345,-0.0015244,0.99992,-0.00094685,0.012883,0.00073298,0.99986,0.016596,-0.012897,-0.016585,0.99978
0.049849,0.047178,-0.0015661,0.99991,-0.00097038,0.013073,0.00075026,0.99986,0.016832,-0.013088,-0.016821,0.99977
0.050028,0.046993,-0.0016078,0.99991,-0.0010102,0.013303,0.00078274,0.99985,0.017091,-0.013319,-0.017079,0.99977
0.050198,0.04679,-0.0016506,0.99991,-0.00099118,0.013491,0.00075693,0.99985,0.017357,-0.013506,-0.017345,0.99976
0.050358,0.046569,-0.0016944,0.99991,-0.00097913,0.01359,0.00073898,0.99984,0.017665,-0.013605,-0.017653,0.99975
0.050508,0.046333,-0.0017407,0.9999,-0.001036,0.013832,0.00078893,0.99984,0.017853,-0.013848,-0.017841,0.99974
0.050649,0.046082,-0.0017871,0.9999,-0.0010766,0.013977,0.00082414,0.99984,0.018059,-0.013994,-0.018045,0.99974
0.05078,0.045816,-0.001836,0.9999,-0.0011007,0.014145,0.00084183,0.99983,0.018296,-0.014163,-0.018282,0.99973
0.050903,0.045534,-0.001884,0.9999,-0.0011119,0.014338,0.00084589,0.99983,0.018546,-0.014356,-0.018532,0.99973
0.051017,0.045236,-0.001933,0.99989,-0.0011245,0.014517,0.00085195,0.99982,0.018765,-0.014536,-0.018751,0.99972
0.051122,0.044924,-0.0019849,0.99989,-0.0011835,0.014706,0.00090421,0.99982,0.018983,-0.014725,-0.018968,0.99971
0.051217,0.044596,-0.0020379,0.99989,-0.001209,0.014923,0.00092224,0.99982,0.019211,-0.014943,-0.019195,0.9997
0.051303,0.044254,-0.0020937,0.99989,-0.0012438,0.015102,0.0009506,0.99981,0.019407,-0.015123,-0.01939,0.9997
0.051381,0.043898,-0.0021521,0.99988,-0.0012502,0.015229,0.0009511,0.99981,0.019631,-0.015251,-0.019614,0.99969
0.051452,0.043526,-0.00221,0.99988,-0.0012658,0.015369,0.00096053,0.9998,0.019855,-0.015391,-0.019838,0.99968
0.051515,0.04314,-0.0022708,0.99988,-0.0012927,0.015572,0.00098032,0.9998,0.020053,-0.015595,-0.020035,0.99968
0.051571,0.042739,-0.0023311,0.99987,-0.0013249,0.015773,0.0010045,0.99979,0.020301,-0.015796,-0.020283,0.99967
0.05162,0.042325,-0.0023935,0.99987,-0.0013214,0.015995,0.00099338,0.99979,0.0205,-0.016019,-0.020482,0.99966
0.051662,0.041898,-0.0024568,0.99987,-0.0013455,0.016118,0.0010115,0.99978,0.020714,-0.016142,-0.020695,0.99966
0.051695,0.041458,-0.0025197,0.99987,-0.0013517,0.016292,0.0010112,0.99978,0.020892,-0.016316,-0.020873,0.99965
0.05172,0.041005,-0.0025835,0.99986,-0.0013677,0.016455,0.0010208,0.99978,0.02107,-0.01648,-0.021051,0.99964
0.051739,0.040538,-0.0026502,0.99986,-0.0014411,0.016592,0.0010874,0.99977,0.021308,-0.016619,-0.021287,0.99964
0.051751,0.040059,-0.0027184,0.99986,-0.0014936,0.016713,0.0011339,0.99977,0.02151,-0.016742,-0.021488,0.99963
0.051755,0.039567,-0.0027881,0.99986,-0.0015144,0.016876,0.0011478,0.99976,0.021714,-0.016904,-0.021692,0.99962
0.051753,0.039063,-0.0028588,0.99985,-0.0015211,0.017017,0.0011479,0.99976,0.021916,-0.017046,-0.021893,0.99961
0.051748,0.038544,-0.0029304,0.99985,-0.0015691,0.017379,0.0011848,0.99976,0.022102,-0.017409,-0.022078,0.9996
0.051742,0.038011,-0.003003,0.99984,-0.0017299,0.018012,0.0013297,0.99975,0.02221,-0.018046,-0.022182,0.99959
0.051739,0.037462,-0.003069,0.99983,-0.0019688,0.018414,0.001557,0.99975,0.022348,-0.018453,-0.022316,0.99958
0.051782,0.036903,-0.0031407,0.99983,-0.0024761,0.018433,0.0020604,0.99974,0.022538,-0.018484,-0.022496,0.99958
0.052032,0.036358,-0.003206,0.99985,-0.0030484,0.016812,0.0026718,0.99975,0.022377,-0.016876,-0.022329,0.99961
0.052525,0.035841,-0.0032687,0.99989,-0.002963,0.014539,0.0026376,0.99975,0.022351,-0.014601,-0.02231,0.99964
0.053088,0.035366,-0.003344,0.9999,-0.0018221,0.013886,0.0015182,0.99976,0.021868,-0.013922,-0.021845,0.99966
0.05342,0.034937,-0.0034132,0.99987,-0.00050946,0.016112,0.00016315,0.99977,0.021488,-0.016119,-0.021482,0.99964
0.053468,0.034451,-0.0034774,0.99981,-0.00027917,0.019239,-0.00014511,0.99976,0.022048,-0.01924,-0.022047,0.99957
0.053378,0.033822,-0.0035483,0.99978,-0.00030329,0.020743,-0.00018525,0.99972,0.023546,-0.020745,-0.023544,0.99951
0.053284,0.033183,-0.0036168,0.99978,-0.00013867,0.021142,-0.00036202,0.99972,0.023676,-0.021139,-0.023679,0.9995
0.053168,0.032557,-0.003684,0.99976,0.00019841,0.021696,-0.00070865,0.99972,0.023512,-0.021685,-0.023522,0.99949
0.052991,0.03194,-0.0037521,0.99974,0.00063592,0.022656,-0.0011659,0.99973,0.023388,-0.022635,-0.023408,0.99947
0.05278,0.0313,-0.0038197,0.99972,0.0011289,0.023566,-0.0016852,0.99972,0.023601,-0.023533,-0.023634,0.99944
0.052581,0.030629,-0.0038851,0.99971,0.0015922,0.024223,-0.0021687,0.99971,0.023791,-0.024178,-0.023836,0.99942
0.05243,0.029962,-0.0039045,0.99969,0.0022326,0.024666,-0.0028024,0.99973,0.02309,-0.024608,-0.023152,0.99943
0.052309,0.029335,-0.0038706,0.99967,0.0031821,0.025421,-0.0037359,0.99976,0.021768,-0.025346,-0.021856,0.99944
0.052182,0.028726,-0.0038357,0.99964,0.0047015,0.026554,-0.0052558,0.99977,0.020845,-0.02645,-0.020977,0.99943
0.052017,0.028112,-0.003808,0.99959,0.0064586,0.027942,-0.0070282,0.99977,0.020338,-0.027804,-0.020526,0.9994
0.051787,0.027441,-0.003776,0.99953,0.0082267,0.029574,-0.0088344,0.99975,0.020476,-0.029398,-0.020727,0.99935
0.051506,0.026686,-0.0037275,0.99946,0.0099203,0.031272,-0.010567,0.99973,0.020575,-0.03106,-0.020895,0.9993
0.051209,0.025894,-0.0036673,0.9994,0.011797,0.032606,-0.012444,0.99973,0.019719,-0.032364,-0.020113,0.99927
0.050916,0.025092,-0.0036248,0.99934,0.013646,0.033633,-0.014298,0.99971,0.01922,-0.033361,-0.019689,0.99925
0.050614,0.024295,-0.0036001,0.99927,0.015561,0.034789,-0.016216,0.9997,0.018615,-0.034489,-0.019165,0.99922
0.050306,0.023501,-0.0035931,0.9992,0.017532,0.035876,-0.018181,0.99968,0.017845,-0.035551,-0.018483,0.9992
0.049974,0.022718,-0.0035857,0.99912,0.01991,0.036914,-0.020545,0.99965,0.016926,-0.036564,-0.017669,0.99918
0.049601,0.021997,-0.0035976,0.99902,0.022843,0.038016,-0.023477,0.99959,0.016322,-0.037627,-0.017198,0.99914
0.049174,0.021371,-0.0036218,0.99889,0.026574,0.038847,-0.027217,0.9995,0.016119,-0.038399,-0.017159,0.99912
0.048667,0.020878,-0.0036555,0.99874,0.030803,0.039559,-0.031477,0.99937,0.016537,-0.039024,-0.017761,0.99908
0.048085,0.020541,-0.0036845,0.99859,0.03501,0.039983,-0.035792,0.99918,0.01902,-0.039284,-0.020424,0.99902
0.047469,0.020286,-0.0036949,0.99844,0.038732,0.040165,-0.039697,0.99894,0.023516,-0.039212,-0.025074,0.99892
0.046873,0.019983,-0.0037192,0.9983,0.042289,0.040138,-0.043411,0.99868,0.02751,-0.038922,-0.029206,0.99882
0.046299,0.019581,-0.0037564,0.99815,0.045521,0.040347,-0.046738,0.99846,0.029732,-0.038932,-0.031562,0.99874
0.045753,0.019081,-0.0038191,0.99799,0.048604,0.040625,-0.049882,0.99827,0.031056,-0.039046,-0.03302,0.99869
0.045274,0.018568,-0.0038976,0.99783,0.051844,0.040535,-0.05314,0.99809,0.031593,-0.03882,-0.033678,0.99868
0.044847,0.018069,-0.0039649,0.99763,0.05545,0.040642,-0.056768,0.99787,0.032026,-0.03878,-0.034257,0.99866
0.044441,0.017565,-0.0040156,0.99739,0.059383,0.041106,-0.060753,0.99761,0.032943,-0.039052,-0.035354,0.99861
0.044082,0.01705,-0.0040531,0.99713,0.063511,0.041099,-0.064951,0.99728,0.03471,-0.038783,-0.03728,0.99855
0.043826,0.016556,-0.0040753,0.99686,0.067898,0.040661,-0.069402,0.99691,0.036799,-0.038037,-0.039506,0.9985
0.043645,0.016085,-0.0040511,0.99653,0.072582,0.04082,-0.074162,0.9965,0.038632,-0.037873,-0.041525,0.99842
0.043464,0.015647,-0.0039724,0.99611,0.077482,0.042062,-0.079191,0.99603,0.040585,-0.03875,-0.043758,0.99829
0.04321,0.015243,-0.0038421,0.99562,0.082396,0.044289,-0.084309,0.9955,0.043217,-0.040529,-0.046762,0.99808
0.042843,0.014841,-0.0036801,0.99507,0.087188,0.047214,-0.089372,0.99492,0.0463,-0.042937,-0.050291,0.99781
0.042356,0.014425,-0.003524,0.99453,0.091602,0.050235,-0.094057,0.99436,0.048904,-0.045472,-0.053361,0.99754
0.041782,0.013989,-0.003401,0.99398,0.095965,0.052781,-0.098664,0.99381,0.051137,-0.047546,-0.056037,0.9973
0.041175,0.013528,-0.0032874,0.99342,0.10054,0.054788,-0.10342,0.99325,0.052526,-0.049137,-0.057847,0.99712
0.04055,0.013007,-0.0031787,0.99283,0.10529,0.056586,-0.10827,0.99273,0.052579,-0.050639,-0.058329,0.99701
0.039907,0.012425,-0.0030748,0.99223,0.11006,0.058101,-0.1131,0.99223,0.051842,-0.051944,-0.05801,0.99696
0.039232,0.011764,-0.0029624,0.99161,0.11486,0.059233,-0.1179,0.99174,0.050559,-0.052936,-0.057118,0.99696
0.03853,0.011039,-0.0028555,0.99098,0.11969,0.060271,-0.12268,0.99125,0.048631,-0.053923,-0.055587,0.997
0.037845,0.010287,-0.0027122,0.99025,0.12506,0.061352,-0.12793,0.99074,0.045458,-0.055099,-0.052864,0.99708
0.037215,0.009522,-0.0025108,0.98944,0.13095,0.062143,-0.13363,0.99018,0.041156,-0.056144,-0.049025,0.99722
0.03664,0.0087316,-0.0022616,0.98863,0.13689,0.062277,-0.13935,0.98955,0.037032,-0.056557,-0.045289,0.99737
0.036122,0.0078874,-0.0019588,0.98786,0.14255,0.061665,-0.14477,0.98891,0.033088,-0.056264,-0.041614,0.99755
0.035596,0.0069673,-0.0016821,0.98715,0.14789,0.060478,-0.14984,0.98828,0.02905,-0.055473,-0.037739,0.99775
0.034918,0.0059422,-0.0014504,0.98647,0.15249,0.060183,-0.15429,0.98767,0.026445,-0.055408,-0.035373,0.99784
0.034087,0.0048701,-0.0012009,0.9858,0.15666,0.06046,-0.15833,0.9871,0.023931,-0.055931,-0.033164,0.99788
0.033203,0.0038324,-0.00094025,0.98498,0.16077,0.062961,-0.16269,0.98632,0.026581,-0.057826,-0.036425,0.99766
0.032352,0.0028367,-0.00064675,0.98404,0.16536,0.065687,-0.16752,0.98545,0.028859,-0.059959,-0.039403,0.99742
0.031583,0.0017672,-0.00019095,0.98304,0.17057,0.067335,-0.17269,0.98461,0.026982,-0.061697,-0.038152,0.99737
0.03091,0.00064658,0.00038251,0.98203,0.17633,0.067239,-0.17809,0.98378,0.021243,-0.062403,-0.032836,0.99751
0.030392,-0.00059829,0.00095069,0.98043,0.1847,0.068136,-0.1863,0.98233,0.017797,-0.063645,-0.030142,0.99752
0.029982,-0.0017496,0.0011727,0.97861,0.19235,0.072903,-0.19435,0.9807,0.021343,-0.067391,-0.035056,0.99711
0.029528,-0.0028047,0.0011895,0.97674,0.19923,0.079329,-0.20191,0.97903,0.027165,-0.072253,-0.04255,0.99648
0.028901,-0.0039384,0.0010988,0.97501,0.20519,0.085119,-0.20857,0.97745,0.03288,-0.076453,-0.049812,0.99583
0.028131,-0.005242,0.0010157,0.97388,0.2098,0.08679,-0.21343,0.97634,0.03469,-0.077459,-0.052307,0.99562
0.027297,-0.0066934,0.0010666,0.97332,0.21315,0.084962,-0.21632,0.97586,0.029976,-0.076522,-0.047555,0.99593
0.026438,-0.0081912,0.0012405,0.97279,0.21651,0.082515,-0.21894,0.9755,0.02144,-0.075852,-0.038923,0.99636
0.025551,-0.0097441,0.0015371,0.97219,0.22006,0.080129,-0.2218,0.975,0.013478,-0.075159,-0.030876,0.99669
0.024618,-0.011266,0.0018784,0.9716,0.22303,0.079091,-0.22434,0.97448,0.0080053,-0.075287,-0.025521,0.99684
0.023655,-0.01273,0.0022344,0.97079,0.22643,0.079334,-0.22749,0.97377,0.0044327,-0.076249,-0.022351,0.99684
0.022697,-0.014207,0.0026393,0.96997,0.22983,0.079581,-0.23071,0.97302,0.0018826,-0.077001,-0.020186,0.99683
0.021787,-0.015695,0.0031223,0.96922,0.23316,0.079053,-0.23378,0.97229,-0.001356,-0.077178,-0.017167,0.99687
0.020909,-0.017186,0.003697,0.96847,0.23667,0.077762,-0.23692,0.97151,-0.0061219,-0.076995,-0.012494,0.99695
0.020038,-0.018684,0.0043618,0.96774,0.24032,0.075734,-0.24012,0.97067,-0.011772,-0.076342,-0.0067934,0.99706
0.019161,-0.020164,0.0050994,0.96707,0.24377,0.073163,-0.24314,0.96983,-0.017475,-0.075216,-0.00088928,0.99717
0.01826,-0.021621,0.0059017,0.9665,0.24681,0.070415,-0.24579,0.96905,-0.023032,-0.07392,0.0049538,0.99725
0.017285,-0.023062,0.0067445,0.9659,0.24981,0.068052,-0.24837,0.96823,-0.028993,-0.073133,0.011103,0.99726
0.016221,-0.024506,0.0075926,0.96523,0.2529,0.066176,-0.25103,0.96733,-0.035432,-0.072975,0.017588,0.99718
0.015084,-0.025949,0.0084207,0.96456,0.25593,0.064272,-0.25363,0.9664,-0.041731,-0.072792,0.02395,0.99706
0.013905,-0.02737,0.0091958,0.96396,0.25872,0.061945,-0.25609,0.96549,-0.047324,-0.072051,0.029755,0.99696
0.01272,-0.028748,0.0099111,0.96344,0.26134,0.058971,-0.25848,0.96462,-0.05202,-0.070479,0.034875,0.9969
0.011551,-0.030094,0.01058,0.96289,0.2641,0.05555,-0.26106,0.96367,-0.056394,-0.068426,0.039799,0.99686
0.010407,-0.031404,0.01119,0.96236,0.26682,0.051785,-0.26363,0.96269,-0.060996,-0.066128,0.045048,0.99679
0.0093023,-0.032667,0.011731,0.96183,0.26943,0.047898,-0.26612,0.9617,-0.065695,-0.063764,0.050441,0.99669
0.0082601,-0.033886,0.012218,0.96122,0.2722,0.044307,-0.26878,0.96061,-0.070554,-0.061766,0.05591,0.99652
0.0073018,-0.035068,0.012653,0.96048,0.27532,0.041048,-0.2718,0.95941,-0.075229,-0.060094,0.061099,0.99632
0.0064509,-0.036176,0.013057,0.95965,0.27858,0.038243,-0.27498,0.95816,-0.079468,-0.058781,0.065746,0.9961
0.0056719,-0.037192,0.013434,0.9587,0.2821,0.036304,-0.27836,0.95681,-0.083832,-0.058385,0.070264,0.99582
0.0049039,-0.038138,0.013779,0.95772,0.28551,0.03541,-0.28157,0.95546,-0.08838,-0.059066,0.074673,0.99546
0.0041042,-0.039035,0.01408,0.95672,0.28883,0.035507,-0.28461,0.95415,-0.092702,-0.060654,0.078584,0.99506
0.0032738,-0.039885,0.01434,0.95572,0.29205,0.03602,-0.28754,0.95288,-0.096657,-0.062552,0.08202,0.99467
0.0024246,-0.040693,0.014537,0.95455,0.29568,0.037384,-0.29086,0.95157,-0.099588,-0.06502,0.084189,0.99433
0.0015946,-0.041472,0.014622,0.95351,0.29883,0.039067,-0.29376,0.95052,-0.10108,-0.06734,0.084903,0.99411
0.00079354,-0.042189,0.014591,0.9524,0.30208,0.040993,-0.29673,0.94945,-0.10244,-0.069867,0.085404,0.99389
-5.5314e-06,-0.042877,0.014454,0.95123,0.30545,0.043192,-0.29984,0.94838,-0.10329,-0.072511,0.085298,0.99371
-0.00082548,-0.043533,0.014235,0.95003,0.30885,0.045306,-0.303,0.9473,-0.10397,-0.075029,0.085045,0.99355
-0.0016425,-0.044141,0.013933,0.94891,0.31202,0.046936,-0.30601,0.9463,-0.10424,-0.076941,0.084553,0.99344
-0.0024732,-0.044687,0.013558,0.94795,0.31474,0.048247,-0.30866,0.94552,-0.10355,-0.078208,0.083266,0.99345
-0.0034179,-0.045196,0.013186,0.94703,0.31759,0.047736,-0.31147,0.94448,-0.1046,-0.078305,0.084188,0.99337
-0.0044484,-0.045693,0.012872,0.94635,0.31977,0.046543,-0.31359,0.94357,-0.10651,-0.077976,0.086202,0.99322
-0.0055087,-0.046164,0.012589,0.94548,0.32235,0.046507,-0.31611,0.94265,-0.10712,-0.07837,0.08658,0.99316
-0.0065852,-0.046571,0.012283,0.94466,0.32479,0.046174,-0.31856,0.94181,-0.1073,-0.078338,0.086655,0.99315
-0.0076296,-0.04697,0.012008,0.94367,0.32805,0.043292,-0.32195,0.94048,-0.10883,-0.076415,0.088758,0.99312
-0.0085535,-0.04738,0.011747,0.94278,0.33103,0.039699,-0.32509,0.93916,-0.11086,-0.073981,0.09161,0.99304
-0.0093867,-0.047771,0.011434,0.94185,0.33401,0.036735,-0.32818,0.93784,-0.11297,-0.072184,0.094343,0.99292
-0.010216,-0.048136,0.01105,0.94094,0.33675,0.035143,-0.33092,0.93663,-0.11499,-0.07164,0.096573,0.99274
-0.011063,-0.048482,0.010602,0.94017,0.33904,0.033609,-0.33317,0.93553,-0.1174,-0.071245,0.099175,0.99252
-0.011873,-0.048804,0.010114,0.93965,0.34072,0.031151,-0.3349,0.93458,-0.11997,-0.069989,0.1023,0.99229
-0.012617,-0.049093,0.0096184,0.93924,0.34208,0.028451,-0.33639,0.93378,-0.12205,-0.068318,0.10506,0.99212
-0.013323,-0.049339,0.0091351,0.93883,0.34337,0.026214,-0.33779,0.93304,-0.12382,-0.066974,0.10739,0.99196
-0.014026,-0.049531,0.008677,0.93853,0.34433,0.024469,-0.33882,0.93244,-0.12555,-0.066045,0.10954,0.99179
-0.014729,-0.04966,0.0082441,0.93842,0.34475,0.022648,-0.33933,0.93202,-0.12723,-0.064971,0.11171,0.99161
-0.015433,-0.049726,0.0078365,0.93847,0.34473,0.020877,-0.33944,0.93185,-0.12818,-0.063642,0.11321,0.99153
-0.016104,-0.049707,0.0074305,0.93864,0.34438,0.018681,-0.33933,0.93185,-0.12849,-0.061658,0.11427,0.99153
-0.016765,-0.049609,0.0070555,0.93886,0.34389,0.016907,-0.33909,0.93203,-0.12785,-0.059725,0.1143,0.99165
-0.017398,-0.049427,0.0067328,0.93903,0.34348,0.015434,-0.33889,0.93221,-0.12706,-0.05803,0.11408,0.99178
-0.017976,-0.049199,0.006481,0.93911,0.34333,0.013952,-0.33893,0.93223,-0.12675,-0.056523,0.1143,0.99184
-0.018475,-0.048951,0.0062736,0.93912,0.34336,0.012487,-0.33914,0.93218,-0.12656,-0.055095,0.11462,0.99188
-0.018882,-0.048686,0.006075,0.93916,0.34331,0.010932,-0.33929,0.93218,-0.12621,-0.053521,0.11482,0.99194
-0.019227,-0.048408,0.0058691,0.93921,0.3432,0.0099401,-0.33934,0.93227,-0.12538,-0.052298,0.11439,0.99206
-0.019524,-0.048089,0.0056528,0.93921,0.34322,0.009186,-0.33952,0.9324,-0.12393,-0.051101,0.11328,0.99225
-0.01975,-0.047706,0.0054602,0.93923,0.34318,0.0081605,-0.33972,0.93265,-0.12145,-0.049289,0.11129,0.99256
-0.019994,-0.047247,0.0053483,0.93924,0.34316,0.0082593,-0.33983,0.933,-0.11841,-0.048339,0.10841,0.99293
-0.020304,-0.046728,0.0053366,0.93929,0.34298,0.009482,-0.33967,0.93342,-0.11559,-0.048496,0.10535,0.99325
-0.020622,-0.046162,0.0054152,0.93943,0.34257,0.011253,-0.33927,0.93405,-0.1116,-0.04874,0.10102,0.99369
-0.020936,-0.045524,0.0055474,0.93957,0.34212,0.012433,-0.33894,0.93472,-0.10688,-0.048188,0.096209,0.99419
-0.021237,-0.044854,0.0057256,0.93956,0.34213,0.013555,-0.33907,0.93521,-0.10206,-0.047593,0.091291,0.99469
-0.021449,-0.044172,0.0059339,0.93934,0.34269,0.014073,-0.33982,0.93547,-0.097086,-0.046436,0.086415,0.99518
-0.021565,-0.043491,0.0061594,0.93892,0.34383,0.014732,-0.34112,0.93548,-0.092268,-0.045506,0.081606,0.99563
-0.021616,-0.042804,0.0063934,0.9382,0.34574,0.015399,-0.34316,0.93512,-0.088217,-0.0449,0.077481,0.99598
-0.021641,-0.0421,0.0066665,0.93738,0.3479,0.016898,-0.34534,0.93461,-0.085124,-0.045408,0.073958,0.99623
-0.021716,-0.041376,0.007036,0.9364,0.35039,0.019702,-0.34769,0.93388,-0.083507,-0.047659,0.071346,0.99631
-0.021823,-0.040649,0.0075194,0.93535,0.35299,0.022664,-0.35008,0.93301,-0.083299,-0.050549,0.069979,0.99627
-0.021963,-0.039953,0.0081033,0.93441,0.35527,0.025822,-0.35211,0.93219,-0.08386,-0.053864,0.069268,0.99614
-0.02213,-0.039288,0.008788,0.9336,0.35713,0.029239,-0.35368,0.93151,-0.084834,-0.057533,0.068859,0.99597
-0.022296,-0.038689,0.0095429,0.93298,0.35842,0.033013,-0.3547,0.93111,-0.084973,-0.061195,0.067568,0.99584
-0.022414,-0.038139,0.010304,0.93256,0.35915,0.036717,-0.35524,0.931,-0.08395,-0.064333,0.065245,0.99579
-0.022562,-0.037563,0.011022,0.93197,0.36023,0.040723,-0.35611,0.93073,-0.083206,-0.067875,0.063044,0.9957
-0.022765,-0.036902,0.011675,0.93113,0.36201,0.044121,-0.35764,0.9301,-0.083732,-0.071349,0.062186,0.99551
-0.023043,-0.036122,0.012249,0.93007,0.36437,0.046971,-0.35969,0.92914,-0.085547,-0.074813,0.06267,0.99523
-0.023392,-0.035245,0.012748,0.92896,0.36688,0.049301,-0.36191,0.92811,-0.087325,-0.077795,0.063279,0.99496
-0.023791,-0.03434,0.01317,0.92795,0.36916,0.051211,-0.36398,0.9272,-0.088457,-0.080138,0.063444,0.99476
-0.024201,-0.033484,0.013508,0.92719,0.37094,0.052203,-0.36562,0.92646,-0.089435,-0.08154,0.063837,0.99462
-0.024628,-0.032706,0.013754,0.92666,0.37221,0.052471,-0.36681,0.92592,-0.090095,-0.082119,0.064241,0.99455
-0.025098,-0.031988,0.013911,0.92639,0.37286,0.05261,-0.36745,0.92566,-0.090145,-0.082311,0.064179,0.99454
-0.025584,-0.031296,0.013985,0.92629,0.37323,0.051872,-0.36786,0.92549,-0.090216,-0.081679,0.064485,0.99457
-0.0261,-0.030588,0.014003,0.92621,0.37364,0.050398,-0.36833,0.92527,-0.090636,-0.080497,0.065384,0.99461
-0.02665,-0.029832,0.013989,0.92611,0.37414,0.048345,-0.36898,0.92503,-0.09036,-0.078528,0.065845,0.99474
-0.027218,-0.029041,0.01397,0.92615,0.37427,0.046546,-0.3694,0.92508,-0.088207,-0.076072,0.064499,0.99501
-0.027755,-0.02827,0.014,0.92638,0.37382,0.045611,-0.36933,0.92549,-0.084017,-0.073621,0.060986,0.99542
-0.028247,-0.027542,0.014113,0.92661,0.37324,0.045593,-0.36902,0.92595,-0.080294,-0.072185,0.057577,0.99573
-0.028708,-0.026834,0.014299,0.92665,0.37307,0.046231,-0.369,0.92618,-0.077667,-0.071793,0.05491,0.99591
-0.029158,-0.026121,0.01453,0.92655,0.37315,0.047521,-0.3692,0.92632,-0.075014,-0.072011,0.05196,0.99605
-0.02962,-0.025377,0.014781,0.92646,0.37308,0.049817,-0.3692,0.92652,-0.072539,-0.073219,0.048813,0.99612
-0.030109,-0.024573,0.01503,0.9261,0.37359,0.052577,-0.3697,0.92644,-0.070932,-0.075209,0.046253,0.99609
-0.030605,-0.023722,0.015257,0.9254,0.375,0.054848,-0.37103,0.92593,-0.070636,-0.077274,0.045016,0.99599
-0.031087,-0.022877,0.015438,0.92462,0.37668,0.056475,-0.37263,0.92528,-0.070767,-0.078911,0.044388,0.99589
-0.031554,-0.022038,0.015573,0.92397,0.37809,0.057692,-0.37399,0.92474,-0.070587,-0.080038,0.043644,0.99584
-0.032027,-0.021252,0.015662,0.92357,0.37889,0.058794,-0.37486,0.92449,-0.069213,-0.080579,0.041883,0.99587
-0.032503,-0.020558,0.015713,0.92339,0.3792,0.059625,-0.37527,0.92445,-0.067518,-0.080723,0.03997,0.99593
-0.032964,-0.019973,0.015733,0.92342,0.37905,0.060109,-0.37524,0.92459,-0.065806,-0.08052,0.038211,0.99602
-0.03342,-0.019472,0.015722,0.92366,0.37839,0.060633,-0.37469,0.92492,-0.064221,-0.080381,0.0366,0.99609
-0.033893,-0.019004,0.015673,0.92401,0.37743,0.06121,-0.37379,0.92536,-0.063223,-0.080504,0.03554,0.99612
-0.034383,-0.018528,0.015587,0.92442,0.37641,0.061355,-0.37277,0.92577,-0.063133,-0.080565,0.035489,0.99612
-0.034882,-0.018038,0.015441,0.92479,0.37561,0.060639,-0.37189,0.92604,-0.064401,-0.080343,0.037007,0.99608
-0.035364,-0.017523,0.015241,0.92523,0.37471,0.059562,-0.37103,0.92638,-0.064499,-0.079346,0.037577,0.99614
-0.035834,-0.016984,0.015077,0.9257,0.37367,0.05863,-0.37015,0.92684,-0.062894,-0.077842,0.036519,0.9963
-0.0363,-0.016434,0.014965,0.9262,0.37257,0.057888,-0.3692,0.92733,-0.061225,-0.076492,0.035334,0.99644
-0.036785,-0.015916,0.0149,0.92647,0.37185,0.05804,-0.36839,0.92758,-0.062345,-0.07702,0.03638,0.99637
-0.03724,-0.015392,0.014913,0.92673,0.37116,0.058455,-0.36755,0.9278,-0.063923,-0.07796,0.037754,0.99624
-0.037679,-0.014781,0.014933,0.9267,0.37114,0.059021,-0.36738,0.92775,-0.065688,-0.079136,0.03919,0.99609
-0.038119,-0.014079,0.014932,0.92643,0.37171,0.059639,-0.36787,0.9275,-0.066386,-0.079992,0.039562,0.99601
-0.038553,-0.013326,0.014922,0.92609,0.37245,0.060277,-0.36865,0.92725,-0.065561,-0.080311,0.038494,0.99603
-0.038988,-0.012537,0.014898,0.92561,0.37355,0.060851,-0.36986,0.92688,-0.063936,-0.080285,0.036673,0.9961
-0.03943,-0.011733,0.014864,0.92502,0.37497,0.061051,-0.37144,0.92639,-0.06197,-0.079794,0.034647,0.99621
-0.039856,-0.010963,0.014794,0.92447,0.37638,0.060788,-0.37303,0.92589,-0.059756,-0.078774,0.032567,0.99636
-0.040245,-0.010246,0.014668,0.92392,0.37781,0.060286,-0.37461,0.92536,-0.058038,-0.077714,0.031038,0.99649
-0.040575,-0.0095789,0.014478,0.92337,0.37929,0.059328,-0.37626,0.9248,-0.056345,-0.076238,0.029705,0.99665
-0.040864,-0.0089455,0.014239,0.92278,0.38093,0.05805,-0.37807,0.92417,-0.054563,-0.074432,0.028403,0.99682
-0.041112,-0.0083446,0.013952,0.9222,0.38257,0.056518,-0.3799,0.92353,-0.05266,-0.072342,0.027092,0.99701
-0.041336,-0.007773,0.013641,0.92152,0.38442,0.055018,-0.38189,0.92279,-0.051169,-0.07044,0.026143,0.99717
-0.041553,-0.0072319,0.013332,0.9209,0.38609,0.053691,-0.3837,0.92212,-0.049805,-0.068738,0.025265,0.99731
-0.041778,-0.0066851,0.013054,0.92052,0.38712,0.052656,-0.38485,0.92171,-0.04838,-0.067263,0.02427,0.99744
-0.042043,-0.006142,0.012823,0.92031,0.38771,0.052042,-0.38555,0.92149,-0.046929,-0.066151,0.023124,0.99754
-0.042382,-0.0055914,0.012662,0.92016,0.38814,0.051502,-0.38605,0.92132,-0.046127,-0.065354,0.022562,0.99761
-0.042811,-0.0050183,0.012512,0.92015,0.38838,0.049877,-0.38632,0.92121,-0.046165,-0.063876,0.02321,0.99769
-0.043352,-0.0045067,0.012208,0.92056,0.38781,0.046644,-0.3859,0.92144,-0.045116,-0.060476,0.023533,0.99789
-0.043993,-0.0041089,0.011647,0.92155,0.38601,0.041641,-0.38439,0.92222,-0.041931,-0.054588,0.022635,0.99825
-0.044701,-0.0037936,0.010905,0.92298,0.38327,0.03487,-0.38194,0.92336,-0.039194,-0.047219,0.022857,0.99862
-0.045488,-0.0035521,0.010098,0.92452,0.38012,0.027566,-0.37906,0.92462,-0.037233,-0.039641,0.023974,0.99893
-0.046296,-0.0033478,0.0093223,0.92617,0.37659,0.019988,-0.37575,0.92602,-0.036048,-0.032084,0.025876,0.99915
-0.047086,-0.0031725,0.0086349,0.92765,0.37323,0.012976,-0.3726,0.92731,-0.035561,-0.025306,0.028153,0.99928
-0.047833,-0.0030056,0.0080787,0.92888,0.37031,0.0071806,-0.36984,0.92841,-0.035611,-0.019854,0.030423,0.99934
-0.048492,-0.002809,0.0076892,0.92986,0.3679,0.0029412,-0.36757,0.92931,-0.035736,-0.015881,0.032148,0.99936
-0.049048,-0.0025674,0.0074674,0.93058,0.36609,0.0007027,-0.36582,0.92998,-0.036262,-0.013929,0.033488,0.99934
-0.049521,-0.0023057,0.0073843,0.931,0.36502,0.00038167,-0.36476,0.93036,-0.037148,-0.013915,0.034445,0.99931
-0.049943,-0.0020422,0.0074343,0.93122,0.36445,0.0017492,-0.36412,0.93055,-0.038791,-0.015765,0.035486,0.99925
-0.050295,-0.0018169,0.007532,0.93141,0.36395,0.0032211,-0.36351,0.93066,-0.041704,-0.018176,0.037673,0.99912
-0.050604,-0.0016407,0.0074884,0.93158,0.36352,0.0037307,-0.363,0.93072,-0.044677,-0.019713,0.040266,0.99899
-0.05088,-0.0015158,0.0073872,0.93181,0.36292,0.0038894,-0.36236,0.93086,-0.046799,-0.020605,0.042198,0.9989
-0.051076,-0.0013975,0.0072542,0.93189,0.36272,0.0035645,-0.36212,0.93083,-0.049344,-0.021216,0.044692,0.99878
-0.051192,-0.0012884,0.0070894,0.93186,0.3628,0.0032504,-0.36216,0.93068,-0.051757,-0.021803,0.047054,0.99865
-0.051247,-0.0011784,0.0069371,0.9317,0.36321,0.0028869,-0.36253,0.93037,-0.054636,-0.02253,0.049858,0.9985
-0.051269,-0.0011055,0.0067916,0.93157,0.36354,0.0026949,-0.3628,0.93009,-0.057543,-0.023426,0.052628,0.99834
-0.051275,-0.0010462,0.0066587,0.93149,0.36376,0.0026323,-0.36295,0.92986,-0.060281,-0.024375,0.055195,0.99818
-0.051278,-0.00095596,0.0065258,0.93137,0.36406,0.0028046,-0.36318,0.92962,-0.06252,-0.025368,0.057211,0.99804
-0.051276,-0.00081121,0.0064154,0.93121,0.36448,0.0031915,-0.36354,0.92936,-0.064219,-0.026372,0.058641,0.99793
-0.051274,-0.00061838,0.0063496,0.93099,0.36503,0.0034999,-0.36403,0.92908,-0.065544,-0.027177,0.059746,0.99784
-0.051275,-0.0003964,0.0063043,0.9308,0.36552,0.0035715,-0.36449,0.92883,-0.066462,-0.02761,0.060561,0.99778
-0.051258,-0.00018975,0.0062369,0.93067,0.36584,0.0033764,-0.3648,0.92865,-0.067289,-0.027752,0.061392,0.99773
-0.051188,-4.0007e-05,0.0061497,0.93062,0.36598,0.0029065,-0.36495,0.92856,-0.067747,-0.027493,0.061986,0.9977
-0.051058,8.2287e-05,0.0060521,0.9305,0.36628,0.0026045,-0.36526,0.92839,-0.068346,-0.027452,0.062645,0.99766
-0.050875,0.00021461,0.0059577,0.93026,0.36689,0.0028217,-0.36583,0.92812,-0.06897,-0.027923,0.063128,0.99761
-0.050661,0.00038334,0.0058681,0.92984,0.36796,0.0034844,-0.36685,0.92768,-0.069493,-0.028803,0.063339,0.99758
-0.050417,0.00057221,0.0057564,0.92934,0.3692,0.0040934,-0.36803,0.92719,-0.06974,-0.029543,0.063306,0.99756
-0.05016,0.00076407,0.0056248,0.92881,0.37052,0.0047638,-0.36931,0.92668,-0.069864,-0.0303,0.063131,0.99755
-0.0499,0.00096281,0.0055062,0.92826,0.37188,0.0054325,-0.37062,0.92613,-0.070128,-0.03111,0.063084,0.99752
-0.049619,0.0011664,0.0054144,0.92774,0.37318,0.0060836,-0.37186,0.92561,-0.070503,-0.031941,0.063146,0.99749
-0.049321,0.0013931,0.0053551,0.92721,0.37447,0.0069344,-0.37308,0.92509,-0.07083,-0.032939,0.063088,0.99746
-0.049011,0.0016518,0.0053091,0.92668,0.37577,0.0079231,-0.37432,0.9246,-0.070711,-0.033897,0.062561,0.99747
-0.04868,0.0019302,0.005238,0.92614,0.37709,0.0086747,-0.37563,0.92415,-0.069692,-0.034297,0.061286,0.99753
-0.048334,0.0022217,0.0051275,0.92558,0.37844,0.0094242,-0.37698,0.9237,-0.068345,-0.03457,0.059706,0.99762
-0.047978,0.002527,0.004968,0.925,0.37982,0.010149,-0.37837,0.92325,-0.066758,-0.034726,0.057911,0.99772
-0.047611,0.0028478,0.0047595,0.92438,0.38132,0.010751,-0.37989,0.92274,-0.0651,-0.034744,0.056093,0.99782
-0.047248,0.0031962,0.0045133,0.92377,0.38279,0.011197,-0.38137,0.92222,-0.063709,-0.034713,0.054582,0.99791
-0.046902,0.0035469,0.0042499,0.92312,0.38433,0.0116,-0.38295,0.92167,-0.0622,-0.034597,0.052976,0.998
-0.04656,0.0038981,0.0040023,0.92241,0.38602,0.012051,-0.38464,0.92103,-0.061243,-0.03474,0.051856,0.99805
-0.046206,0.0042424,0.003797,0.92165,0.38782,0.012588,-0.38643,0.92032,-0.060675,-0.035116,0.051056,0.99808
-0.045854,0.0045847,0.0036146,0.9209,0.38958,0.013311,-0.38817,0.91963,-0.059951,-0.035597,0.050042,0.99811
-0.04552,0.0049379,0.0034238,0.92024,0.3911,0.014295,-0.38969,0.91906,-0.058862,-0.036159,0.048596,0.99816
-0.045215,0.0053143,0.0032106,0.91963,0.39247,0.015609,-0.39105,0.91858,-0.057455,-0.036888,0.046734,0.99823
-0.044935,0.0057054,0.0029767,0.9191,0.39365,0.017002,-0.39222,0.91818,-0.05586,-0.0376,0.044672,0.99829
-0.044681,0.0061033,0.0027343,0.91867,0.39461,0.018154,-0.39319,0.91786,-0.054135,-0.038025,0.042595,0.99837
-0.044452,0.0064926,0.0024872,0.91828,0.39547,0.019144,-0.39408,0.91758,-0.052452,-0.038309,0.040621,0.99844
-0.044232,0.0068734,0.002256,0.91803,0.39601,0.01987,-0.39466,0.91743,-0.050694,-0.038305,0.038697,0.99852
-0.043979,0.0072626,0.002061,0.91787,0.39636,0.020225,-0.39504,0.91734,-0.049317,-0.0381,0.037277,0.99858
-0.043725,0.0076489,0.0018599,0.9178,0.39649,0.02079,-0.39522,0.91735,-0.047687,-0.037979,0.035551,0.99865
-0.043482,0.0080389,0.0016183,0.91783,0.39639,0.021299,-0.39517,0.91746,-0.045854,-0.037717,0.033669,0.99872
-0.043234,0.0084278,0.0013337,0.91791,0.39621,0.021237,-0.39506,0.9176,-0.043961,-0.036905,0.031963,0.99881
-0.042971,0.0088012,0.0010289,0.91802,0.39597,0.020935,-0.39489,0.91775,-0.042297,-0.035962,0.030563,0.99889
-0.042713,0.0091583,0.00073431,0.91815,0.39569,0.020795,-0.39465,0.91791,-0.041084,-0.035345,0.029514,0.99894
-0.042471,0.0095091,0.00046789,0.91825,0.39544,0.020903,-0.39444,0.91805,-0.040158,-0.035071,0.028631,0.99897
-0.042259,0.0098656,0.00023964,0.9183,0.39531,0.021264,-0.39432,0.91813,-0.039491,-0.035134,0.02788,0.99899
-0.042082,0.010219,4.0076e-05,0.91841,0.39504,0.021592,-0.39407,0.91827,-0.038715,-0.035121,0.027048,0.99902
-0.041927,0.010546,-0.00012377,0.91848,0.39486,0.02171,-0.3939,0.91836,-0.038247,-0.03504,0.026578,0.99903
-0.041794,0.010847,-0.00025191,0.91855,0.39471,0.021806,-0.39375,0.91842,-0.038371,-0.035172,0.026659,0.99903
-0.04165,0.011101,-0.00033952,0.9186,0.39459,0.02161,-0.39362,0.91846,-0.038714,-0.035124,0.027057,0.99902
-0.041492,0.011316,-0.00040242,0.91869,0.39441,0.02121,-0.39343,0.91852,-0.039094,-0.034901,0.02757,0.99901
-0.041319,0.011506,-0.00047257,0.91885,0.39407,0.02074,-0.39311,0.91866,-0.039167,-0.034488,0.027836,0.99902
-0.041129,0.011681,-0.00057768,0.91903,0.39366,0.020263,-0.39271,0.91883,-0.039011,-0.033976,0.027895,0.99903
-0.040943,0.011846,-0.00071094,0.91919,0.39329,0.020099,-0.39235,0.91899,-0.039052,-0.033829,0.028011,0.99904
-0.04076,0.011997,-0.00083949,0.9193,0.39305,0.020148,-0.3921,0.91909,-0.039145,-0.033904,0.028086,0.99903
-0.040578,0.012142,-0.00094955,0.9194,0.39281,0.020248,-0.39186,0.91919,-0.039294,-0.034046,0.028192,0.99902
-0.040401,0.012285,-0.0010593,0.91946,0.39266,0.0205,-0.3917,0.91926,-0.039125,-0.034207,0.027944,0.99902
-0.040236,0.01244,-0.0011849,0.91953,0.39247,0.020948,-0.39152,0.91936,-0.038551,-0.034389,0.027247,0.99904
-0.040072,0.012601,-0.0013101,0.91962,0.39223,0.021247,-0.39129,0.91949,-0.037872,-0.034391,0.026514,0.99906
-0.039905,0.012734,-0.0014202,0.91966,0.39211,0.021561,-0.39119,0.91955,-0.037264,-0.034438,0.025836,0.99907
-0.03974,0.012838,-0.0015093,0.91965,0.39213,0.021921,-0.39121,0.91956,-0.036848,-0.034607,0.025312,0.99908
-0.039573,0.012928,-0.0015939,0.91961,0.39219,0.022345,-0.39128,0.91955,-0.036293,-0.034781,0.024633,0.99909
-0.039401,0.013014,-0.0016946,0.91959,0.39222,0.0228,-0.39133,0.91956,-0.035606,-0.034931,0.023821,0.99911
-0.039239,0.013082,-0.0018081,0.91955,0.39227,0.023243,-0.39139,0.91956,-0.034962,-0.035088,0.023052,0.99912
-0.039091,0.013138,-0.0019289,0.91951,0.39237,0.023575,-0.39149,0.91953,-0.034548,-0.035233,0.022537,0.99912
-0.038967,0.013186,-0.002056,0.91949,0.39239,0.023897,-0.39153,0.91954,-0.033978,-0.035307,0.021886,0.99914
-0.038862,0.013236,-0.0021917,0.9195,0.39234,0.024304,-0.3915,0.91958,-0.033193,-0.035372,0.021006,0.99915
-0.038759,0.013273,-0.002334,0.91952,0.39227,0.024574,-0.39146,0.91963,-0.032207,-0.035233,0.019995,0.99918
-0.038657,0.013287,-0.0024901,0.91952,0.39225,0.024867,-0.39147,0.91967,-0.031144,-0.035085,0.018903,0.99921
-0.038552,0.01328,-0.0026537,0.91953,0.39221,0.025111,-0.39146,0.9197,-0.030136,-0.034914,0.017881,0.99923
-0.03845,0.013266,-0.0028001,0.91955,0.39217,0.025232,-0.39145,0.91973,-0.029284,-0.034692,0.017051,0.99925
-0.03835,0.013247,-0.0029291,0.91957,0.39212,0.025292,-0.39141,0.91977,-0.028652,-0.034498,0.016448,0.99927
-0.038257,0.01321,-0.0030335,0.91957,0.3921,0.025488,-0.39141,0.91979,-0.028144,-0.034478,0.015904,0.99928
-0.038162,0.013145,-0.0031275,0.91955,0.39213,0.025658,-0.39145,0.91978,-0.027813,-0.034506,0.015531,0.99928
-0.038076,0.013048,-0.0032278,0.91954,0.39215,0.025966,-0.39148,0.91978,-0.027464,-0.034653,0.015089,0.99929
-0.038016,0.012939,-0.0033292,0.91952,0.39214,0.026636,-0.39147,0.91979,-0.027168,-0.035154,0.014554,0.99928
-0.037999,0.012821,-0.0034293,0.91952,0.3921,0.027302,-0.39142,0.91982,-0.027,-0.035699,0.01414,0.99926
-0.038,0.012681,-0.0035272,0.91954,0.39203,0.027581,-0.39136,0.91985,-0.026767,-0.035864,0.01382,0.99926
-0.037981,0.012525,-0.0036185,0.91955,0.39201,0.027403,-0.39135,0.91986,-0.026562,-0.035619,0.013701,0.99927
-0.037943,0.012363,-0.0037048,0.91955,0.39204,0.027124,-0.3914,0.91985,-0.026289,-0.035256,0.013557,0.99929
-0.037894,0.012188,-0.0037982,0.91953,0.3921,0.026981,-0.39146,0.91983,-0.02598,-0.035005,0.013327,0.9993
-0.037862,0.011997,-0.0039199,0.91951,0.39212,0.027053,-0.3915,0.91982,-0.025499,-0.034883,0.012856,0.99931
-0.037857,0.011791,-0.004069,0.91953,0.39208,0.027115,-0.39148,0.91985,-0.02486,-0.034689,0.012245,0.99932
-0.037868,0.011576,-0.0042255,0.91955,0.39205,0.0269,-0.39148,0.91987,-0.024107,-0.034196,0.011637,0.99935
-0.037876,0.011352,-0.0043627,0.91957,0.39204,0.026451,-0.39148,0.91988,-0.023973,-0.033729,0.01169,0.99936
-0.037873,0.011088,-0.0044273,0.91952,0.3922,0.025888,-0.39164,0.9198,-0.024157,-0.033286,0.012074,0.99937
-0.037876,0.010817,-0.0044947,0.91952,0.39221,0.025775,-0.39164,0.91979,-0.024402,-0.033278,0.012344,0.99937
-0.037855,0.010511,-0.0045479,0.91954,0.39216,0.025521,-0.3916,0.91981,-0.024387,-0.033038,0.012431,0.99938
-0.037834,0.010176,-0.0045667,0.91953,0.39221,0.025346,-0.39163,0.91978,-0.024969,-0.033106,0.013033,0.99937
-0.037832,0.0098283,-0.0045799,0.91949,0.39231,0.025333,-0.3917,0.91973,-0.025745,-0.0334,0.013749,0.99935
-0.03784,0.0094658,-0.0045901,0.91943,0.39244,0.02519,-0.39181,0.91966,-0.026589,-0.033601,0.014577,0.99933
-0.037849,0.009089,-0.0045753,0.9194,0.39256,0.024608,-0.3919,0.91959,-0.027609,-0.033468,0.015739,0.99932
-0.037867,0.00872,-0.0045385,0.91936,0.3927,0.023836,-0.39201,0.91951,-0.028895,-0.033265,0.01722,0.9993
-0.037894,0.0083573,-0.0044798,0.91933,0.39283,0.022943,-0.39211,0.91942,-0.030204,-0.032959,0.018771,0.99928
